
LogisticRegression: 0.700157210232957
LogisticRegression: 0.700157210232957
